#主ピークのピーク値
#主ピークのFWHM(keV)
#主ピークのエネルギー分解能
#サブピークのピーク値
#サブピークの中心(keV)
#サブピークのFWHM(keV)
#サブピークのエネルギー分解能
#左から1420, 1440, 1460, 1480, 1500

386.009	2.861	256.982	2.401
0.7819956438259855	0.0049729392970514	0.9403526616976092	0.0067156119528697
13.25416345467772	0.0842871067296853	15.938180706739136	0.1138239314045715
76.0827	1.664	50.1271	1.256
4.760318269799706	0.0077177926273762	4.456880411619022	0.0083716672055617
0.571016040600541	0.0232992180595984	0.7479906059641348	0.0201997039910881
9.678237976280355	0.0048983286265517	12.677806880748047	0.0045432019851852
